10
3
7
7
11
10
10
9
8
2
4
2
6
4
5
4
8
2
11
10
10
10
2
5
8
6
2
10
2
5
2
2
10
8
6
10
11
8
10
7
11
11
10
10
10
4
10
2
4
4
8
10
10
6
10
8
10
8
10
10
10
1
6
10
6
10
10
10
8
10
10
6
10
7
8
4
2
6
6
5
10
2
11
2
8
11
11
11
10
10
2
2
6
8
8
10
2
4
4
10
4
7
2
8
10
8
10
10
10
8
8
11
2
2
4
2
2
2
5
8
2
2
4
2
2
10
4
2
11
8
8
10
2
2
2
8
8
4
8
2
2
8
2
10
9
2
2
2
11
10
11
2
8
10
10
2
8
10
10
11
6
10
10
2
8
2
2
5
4
10
5
2
4
10
10
10
10
10
5
8
10
10
8
10
4
4
10
10
8
10
8
6
3
4
2
2
2
10
2
3
11
2
8
10
3
6
6
8
10
8
4
4
8
10
10
2
2
10
8
10
11
2
8
10
8
10
4
1
11
8
4
10
4
7
10
8
10
8
10
8
8
8
1
8
8
8
4
7
10
8
